,inspector_latitude,inspector_longitude
0,52.11403737842036,52.11403737842036
1,52.077426203822945,52.077426203822945
2,51.470078943087096,51.470078943087096
3,52.11158511681282,52.11158511681282
4,52.41687629512844,52.41687629512844
5,51.41023367095525,51.41023367095525
6,51.52121573297706,51.52121573297706
7,51.53430020931579,51.53430020931579
8,51.91418351016589,51.91418351016589
9,52.0600784930308,52.0600784930308
10,52.165200959133344,52.165200959133344
11,51.91113392315134,51.91113392315134
12,52.026531249546075,52.026531249546075
13,52.06502612049411,52.06502612049411
14,52.187304738617556,52.187304738617556
15,51.98100573908213,51.98100573908213
16,52.06792221923415,52.06792221923415
17,52.43810713880117,52.43810713880117
18,51.94557206729975,51.94557206729975
19,52.07223106682131,52.07223106682131
20,52.02231820368473,52.02231820368473
21,52.04020253391665,52.04020253391665
22,51.89927403591209,51.89927403591209
23,52.0423744602212,52.0423744602212
24,51.979826630299705,51.979826630299705
25,52.22737267499832,52.22737267499832
26,52.29651956153864,52.29651956153864
27,52.165252801549435,52.165252801549435
28,52.07119814580913,52.07119814580913
29,52.16634373341556,52.16634373341556
30,51.95329391211618,51.95329391211618
31,52.17113671872682,52.17113671872682
32,52.0925879919328,52.0925879919328
33,51.009007516392884,51.009007516392884
34,52.339616994187544,52.339616994187544
35,52.40145462941291,52.40145462941291
36,51.96964261576704,51.96964261576704
37,52.36390184807512,52.36390184807512
38,52.02522576982593,52.02522576982593
39,52.012721770449524,52.012721770449524
40,52.10594920854963,52.10594920854963
41,52.07687181967058,52.07687181967058
42,51.52633279492034,51.52633279492034
43,52.14779917190575,52.14779917190575
44,52.080663602001316,52.080663602001316
45,51.686942165560524,51.686942165560524
46,52.06452227328779,52.06452227328779
47,52.03299698635849,52.03299698635849
48,52.12752600565547,52.12752600565547
49,51.82972880914281,51.82972880914281
50,52.16310340211089,52.16310340211089
51,52.0461605809555,52.0461605809555
52,51.982883292672774,51.982883292672774
53,51.90647249884157,51.90647249884157
54,52.33810309577567,52.33810309577567
55,52.261735203153975,52.261735203153975
56,51.95565548432937,51.95565548432937
57,51.97775255921735,51.97775255921735
58,51.945493931166865,51.945493931166865
59,51.40541231088171,51.40541231088171
60,52.013355161398984,52.013355161398984
61,52.41948587189865,52.41948587189865
62,51.54658386607746,51.54658386607746
63,51.83006494163117,51.83006494163117
64,52.02521888383267,52.02521888383267
65,51.95180703370568,51.95180703370568
66,52.32570034296613,52.32570034296613
67,51.978624887312264,51.978624887312264
68,51.63807779716646,51.63807779716646
69,51.47745878073353,51.47745878073353
70,52.213121478015175,52.213121478015175
