,inspector_longitude,inspector_latitude
0,4.46432990551027,52.11403737842036
1,4.404451436803937,52.077426203822945
2,5.404911522766767,51.470078943087096
3,5.048051297585474,52.11158511681282
4,4.867038473550502,52.41687629512844
5,5.430407986197486,51.41023367095525
6,5.231189024064484,51.52121573297706
7,5.18344471682761,51.53430020931579
8,4.985770376705334,51.91418351016589
9,4.731318538557549,52.0600784930308
10,5.479357451231505,52.165200959133344
11,4.5374885931250555,51.91113392315134
12,5.827633096200287,52.026531249546075
13,4.816565268543746,52.06502612049411
14,4.986788997158459,52.187304738617556
15,5.09563209038671,51.98100573908213
16,4.830526953631895,52.06792221923415
17,4.670357456155886,52.43810713880117
18,5.140928640801464,51.94557206729975
19,4.9079712355123615,52.07223106682131
20,4.654694022510555,52.02231820368473
21,4.705524888532017,52.04020253391665
22,4.546976419297325,51.89927403591209
23,4.709109860189129,52.0423744602212
24,4.617864781746134,51.979826630299705
25,4.982492176162714,52.22737267499832
26,4.731213974330697,52.29651956153864
27,5.480237566640675,52.165252801549435
28,4.901743157575029,52.07119814580913
29,4.561804578270537,52.16634373341556
30,5.020995805035225,51.95329391211618
31,4.986765200715424,52.17113671872682
32,5.19816924946043,52.0925879919328
33,5.797091079159291,51.009007516392884
34,4.884439926495113,52.339616994187544
35,4.8496466482579015,52.40145462941291
36,5.095351297266802,51.96964261576704
37,4.747885609994915,52.36390184807512
38,5.875799321648315,52.02522576982593
39,5.67297483101321,52.012721770449524
40,5.257510181785917,52.10594920854963
41,5.157991076327173,52.07687181967058
42,4.7528567093723995,51.52633279492034
43,4.523877468258407,52.14779917190575
44,4.965130711233024,52.080663602001316
45,4.882668161849974,51.686942165560524
46,4.738101012971158,52.06452227328779
47,4.5532367869044545,52.03299698635849
48,5.016531460764812,52.12752600565547
49,4.876203601190386,51.82972880914281
50,5.529745706406131,52.16310340211089
51,5.064634436053271,52.0461605809555
52,4.62365585431328,51.982883292672774
53,5.872675722225519,51.90647249884157
54,4.832934829693427,52.33810309577567
55,4.963940637331957,52.261735203153975
56,5.055884387075553,51.95565548432937
57,4.334437006201431,51.97775255921735
58,4.499759598818145,51.945493931166865
59,5.445505387095106,51.40541231088171
60,5.9360545201575405,52.013355161398984
61,4.6941582854969255,52.41948587189865
62,4.819851594125699,51.54658386607746
63,4.75294513851709,51.83006494163117
64,4.665447612880632,52.02521888383267
65,4.351906730818587,51.95180703370568
66,5.057777134131507,52.32570034296613
67,4.3333344351463,51.978624887312264
68,4.697361480557741,51.63807779716646
69,5.4041450920577,51.47745878073353
70,6.02304775376631,52.213121478015175
71,4.623670185585599,51.98263398131154
72,5.656506436470712,52.01411228685816
73,6.207346121196339,52.62197444133089
74,4.661860112029694,52.02404409886923
75,4.735148633284143,51.55959636667185
76,5.059207564314989,52.105665487644046
77,4.355016066355458,52.068251757517366
78,4.6976810329690215,51.63807442177591
79,6.463110320574359,52.265832959038576
80,4.5645888250761235,52.16931413764424
81,4.744324427176019,51.83146662168255
82,4.694273144545491,52.41956626516563
83,4.53720230743287,51.93358489543166
84,4.977636051597471,51.89551213211056
85,6.174356684127869,52.55433533796896
86,5.289759381564732,52.06519555755212
87,4.74940656023726,52.30998910492245
88,4.352873945045695,52.03643650517467
89,6.550589479547109,52.28386255186123
90,4.969222978571062,52.38692266815173
91,5.148130524394689,52.06864314069507
92,4.924761278646673,51.83916092815264
93,4.672397929429409,52.436274583916386
94,4.539717293558622,51.95210172225714
95,5.54582567993604,51.404869585496876
96,4.409887206905949,51.730518314351855
97,5.0545347395400615,52.06929373524669
98,5.568723241542651,51.40889815406405
99,4.858054999068894,52.47925544924545
100,4.964793173979064,52.261544465518995
101,5.28399030419971,51.75705859466486
102,5.475716877862305,52.16558340295662
103,4.2711182980338345,51.8687770742026
104,5.350622427011688,52.400363634479575
105,4.602779932689891,52.020811358252644
106,5.82585372681754,51.076617419698216
107,4.750898543838131,52.31317537310305
108,4.964202105811837,51.84631924857713
109,4.93097371515496,52.286485012127415
110,4.504594632970038,52.136815685439416
111,4.534048314355014,51.941326102949354
112,5.55037235165298,52.16585237265551
113,5.440090244037928,52.20598698334874
114,5.624903027008864,51.75670604952194
115,5.260032613393957,51.818414531409964
116,5.260414323847709,51.81631408170127
117,5.934334379567254,52.01376970959706
118,4.416344438140713,51.68262387451396
119,4.98629046309891,52.177612808048806
