,inspector_longitude,inspector_latitude
0,4.464329918477611,52.11403737721346
1,4.404451463209834,52.07742620259464
2,5.404911521903787,51.47007894393843
3,5.048051298609661,52.111585116629975
4,4.867038458400275,52.416876297970305
5,5.430407984679578,51.41023367215439
6,5.231189026739557,51.521215733749855
7,5.18344472109539,51.5343002100727
8,4.985770384422952,51.91418350938255
9,4.731318549222279,52.06007849219127
10,5.47935745137978,52.16520095901339
11,4.53748864426429,51.911133922485526
12,5.827633092710679,52.02653124722923
13,4.81656527564056,52.06502611979684
14,4.986788996200538,52.187304738949095
15,5.095632093357772,51.98100573835321
16,4.830526960102214,52.06792221856726
17,4.670357420485973,52.438107140952006
18,5.140928643443606,51.94557206650264
19,4.9079712397723325,52.072231066277716
20,4.6546940418829275,52.022318202706074
21,4.7055249025560215,52.04020253300621
22,4.5469764711885725,51.89927403529602
23,4.709109873780867,52.04237445931823
24,4.617864810344443,51.97982662934014
25,4.982492173823105,52.22737267570769
26,4.731213960696985,52.29651956223182
27,5.480237566790943,52.16525280142757
28,4.901743162021448,52.07119814525325
29,4.561804578068395,52.16634373253654
30,5.020995810395993,51.95329391134206
31,4.986765200292773,52.17113671891881
32,5.198169249964157,52.09258799165853
33,5.797091053654317,51.00900751820448
34,4.884439916772258,52.33961699597975
35,4.849646632952691,52.4014546319502
36,5.095351300428633,51.969642615016106
37,4.747885590599968,52.36390184963776
38,5.8757993169158285,52.02522576727765
39,5.672974829757699,52.01272176874581
40,5.257510182020688,52.10594920833033
41,5.157991077200403,52.076871819310995
42,4.752856766085551,51.52633279670875
43,4.523877471950641,52.14779917086683
44,4.965130714080046,52.08066360156364
45,4.882668186088974,51.686942165728595
46,4.738101022911562,52.06452227246922
